10,00 + 10,00 = 20,00
10,00 + 10,00 + 20,00 = 40,00
10,00 + 20,00 = 30,00
20,00 + 20,00 = 40,00
20,00 + 20,00 = 40,00
20,00 + 20,00 = 40,00
20,00 + 20,00 + 0,12 = 40,12
20,00 + 20,00 = 40,00
10,00 + -0,00 = 10,00
20,00 * 3,00 = 60,00
20,00 * 3,00 = 60,00
50,00 / 60,00 = 0,83
20,00 * 3,00 = 60,00
50,00 / 60,00 = 0,83
50,00 / 4,00 = 12,50
50,00 / 4,00 + -0,03 = 12,47
20,00 * 3,00 = 60,00
50,00 / 60,00 = 0,83
50,00 / 60,00 = 0,83
20,00 * 3,00 = 60,00
20,00 + 3,00 + 30,00 + 53,00 + 106,00 = 212,00
3,00 + 106,00 = 109,00
9,00 + 12,00 + 765,00 = 786,00
9,00 + -0,56 + 8,44 + 8,44 = 25,32
2,00 + 16,00 = 18,00
20,00 * 3,00 = 60,00
50,00 / 4,00 = 12,50
0,31 * 4,20 = 1,30
5,30 * 8,20 = 43,46
6,90 * 0,20 = 1,38
((5,00 - 2,00 + 10,00)! ) ^ 1/5,00 = -1,00
(3628800,00!) 14,00% = 508032,00
